Bit Rate
320
256
256
256
256
256
256
256
256
256
256
256
320
128
128
192
203
318
128
224
320
128
128
128
128
128
128
128
128
128
128
320
319
320
320
128
125
224
320
320
320
320
320
256
192
320
192
192
192
192
192
192
192
320
128
320
128
128
128
128
128
128
128
128
128
128
128
128
320
320
320
320
320
320
320
320
320
320
320
320
320
320
320
320
320
320
320
320
320
320
320
320
320
320
320
320
320
207
199
203
194
193
190
201
188
199
187
128
320
128
128
128
128
128
128
128
128
128
128
256
128
256
146
128
320
320
320
320
320
320
320
320
320
320
320
320
320
320
320
320
224
160
160
160
160
160
160
160
160
160
160
128
256
320
145
154
156
142
153
158
158
160
143
118
113
150
156
256
320
214
221
222
231
226
201
157
187
182
202
200
239
167
100
256
196
219
181
208
177
211
220
219
165
194
320
320
320
320
320
319
320
319
320
320
320
125
320
320
320
320
320
320
320
320
320
320
320
320
320
320
320
320
320
320
320
320
320
320
320
320
320
320
320
320
320
320
320
320
319
320
320
320
320
320
320
320
320
320
320
320
320
320
320
320
256
320
249
320
320
320
320
320
320
221
192
170
320
320
192
192
192
192
192
192
192
192
192
192
192
192
192
192
320
256
320
320
224
128
320
320
320
320
320
320
320
320
320
320
320
320
320
320
320
320
320
320
320
320
320
320
320
320
320
320
320
320
320
320
320
320
320
320
320
320
320
320
320
320
320
320
320
320
320
320
320
320
320
320
320
125
320
320
320
320
320
320
320
320
320
320
320
320
320
320
320
126
319
320
320
320
320
320
319
163
210
175
201
167
205
183
192
186
138
193
201
256
320
320
192
224
320
320
160
320
320
320
320
320
320
320
164
320
256
181
160
223
320
320
256
320
320
320
320
320
320
320
320
320
320
320
320
320
320
320
320
320
320
320
320
320
320
320
320
320
320
320
320
320
320
320
320
320
320
320
320
320
183
128
224
224
256
193
128
128
320
320
320
320
320
320
320
320
320
320
320
320
320
320
320
320
320
320
320
320
192
192
192
192
192
192
192
192
192
192
320
320
320
320
320
320
320
320
320
320
320
320
320
319
320
320
320
320
320
320
320
320
320
320
320
320
256
192
241
320
320
320
320
320
320
320
320
320
320
320
320
320
320
320
320
160
160
160
160
192
192
192
192
192
192
192
192
192
192
192
192
241
201
196
209
219
263
239
245
220
205
246
192
192
192
192
192
192
192
192
192
192
192
192
179
178
179
178
177
179
178
179
182
182
179
178
178
177
178
192
192
192
192
192
192
192
192
192
192
192
192
192
192
192
192
192
192
192
192
192
256
64
128
225
320
210
220
213
213
320
214
238
226
219
224
320
320
320
320
320
320
320
320
320
320
320
320
320
320
320
320
194
199
320
320
224
192
256
320
320
320
320
320
320
320
320
320
320
320
320
320
128
256
212
206
214
183
165
196
206
213
208
211
195
166
193
194
196
320
320
320
320
320
320
320
320
320
320
320
320
320
320
320
320
320
320
320
320
320
320
320
320
320
320
320
320
320
320
320
320
320
320
256
320
320
320
320
320
320
320
320
320
320
320
320
320
320
320
320
320
320
320
320
320
320
320
320
320
320
320
320
320
320
320
320
320
320
149
192
320
320
192
320
320
320
320
320
320
320
320
320
320
320
320
320
320
320
320
320
320
320
320
320
320
320
320
320
320
320
320
320
320
320
320
320
192
320
319
320
320
320
320
320
320
320
320
320
320
319
128
128
320
320
320
320
320
320
320
320
320
320
320
320
320
320
320
320
320
320
320
320
320
320
320
320
320
320
320
320
320
320
320
320
320
320
320
320
320
320
320
320
320
320
320
320
320
320
320
320
320
320
320
320
320
320
320
320
320
320
320
320
320
320
320
320
320
320
320
320
320
320
320
320
320
320
320
320
320
320
320
320
320
320
320
320
320
320
320
320
320
320
320
320
320
320
320
320
320
320
320
320
320
320
320
320
320
320
320
320
320
320
320
320
320
320
320
320
320
320
320
320
320
320
320
320
320
320
320
320
320
320
320
320
320
320
320
320
320
320
320
320
320
320
320
320
320
320
320
320
320
320
320
320
320
320
320
320
320
320
320
320
320
320
320
320
320
320
320
320
320
320
320
320
320
320
320
320
320
320
320
320
320
320
320
320
320
320
320
320
320
320
320
320
320
320
320
320
320
320
320
320
320
320
320
320
320
320
320
320
320
320
320
320
320
320
320
320
320
320
320
320
320
320
320
320
320
320
320
320
320
320
320
320
320
320
320
320
320
320
320
320
320
320
320
320
320
320
320
320
320
320
320
320
320
320
320
175
161
172
140
139
140
154
142
320
192
128
256
319
320
320
320
320
320
320
320
320
320
320
320
320
320
320
320
320
320
320
320
320
160
178
151
179
192
157
153
155
178
158
165
320
320
320
320
320
320
320
320
320
320
320
320
320
320
320
320
320
256
320
320
224
256
128
256
320
320
320
320
320
320
320
320
320
320
320
256
256
320
64
128
128
128
128
128
128
128
128
128
128
128
128
128
128
128
128
128
128
128
128
128
128
128
210
196
176
173
190
181
166
179
186
166
170
320
320
320
320
320
320
320
320
320
320
320
320
320
320
320
320
128
128
128
128
128
128
128
128
128
128
128
128
128
320
192
192
192
192
192
192
192
192
192
192
192
320
319
128
320
160
320
256
320
320
320
320
320
320
320
320
320
320
320
320
320
320
320
320
320
320
320
320
318
224
128
320
320
320
256
320
320
320
320
320
320
256
320
320
320
320
320
320
320
320
320
320
320
320
320
320
320
320
320
320
320
320
320
320
320
320
320
320
320
320
320
320
320
320
320
320
320
320
320
320
320
320
320
320
320
320
320
320
320
320
320
320
320
320
177
320
320
320
320
320
320
320
320
320
320
320
320
320
320
320
320
320
320
320
320
320
320
320
256
128
256
256
256
256
256
320
256
256
256
256
256
256
256
256
256
256
256
256
256
256
256
256
256
256
320
320
320
320
320
320
320
146
320
320
320
320
320
320
320
320
320
320
320
320
320
320
320
128
320
320
320
320
320
320
320
320
320
320
320
320
320
320
320
320
320
320
320
320
320
320
320
320
320
320
320
320
320
256
320
320
320
320
320
320
320
320
320
320
320
320
320
320
320
320
320
320
128
320
320
320
128
256
256
320
320
128
192
320
256
286
284
287
283
286
285
285
286
288
286
320
320
128
320
320
320
320
320
320
320
320
320
320
320
320
319
192
192
192
192
192
192
192
192
192
192
192
192
192
192
192
192
192
320
320
320
128
320
319
320
320
320
320
256
256
256
256
121
160
160
160
160
160
160
160
160
160
160
160
160
160
160
160
320
128
320
256
128
320
128
256
256
256
256
256
256
320
320
320
320
320
320
320
320
320
320
320
320
320
192
192
320
320
320
320
320
320
320
320
320
320
320
320
320
320
320
256
192
192
320
320
320
232
128
320
224
224
192
319
148
176
152
125
151
149
152
119
154
168
145
153
125
159
153
151
159
141
320
320
320
224
320
124
320
320
320
320
320
320
320
320
320
320
320
320
320
320
320
320
320
320
320
320
160
320
156
223
188
229
208
191
162
196
177
212
168
160
128
256
320
320
320
320
320
320
320
320
320
320
320
194
199
174
180
202
207
211
200
320
193
256
192
192
192
192
192
192
192
192
192
192
192
192
192
192
224
128
320
320
320
320
320
320
320
320
320
320
320
320
320
320
320
154
160
168
173
154
161
171
176
152
167
174
153
172
190
128
128
188
160
128
128
319
192
201
185
129
131
133
194
135
203
193
170
132
184
192
127
131
132
170
178
198
206
208
320
128
193
320
320
320
320
320
320
320
320
320
320
320
320
320
320
320
320
320
320
320
256
256
128
319
320
192
230
320
319
320
128
320
320
256
320
319
320
216
320
256
192
192
192
192
192
192
192
192
192
192
320
320
320
320
320
320
320
320
320
128
128
128
128
128
128
128
128
320
119
115
116
118
113
113
114
138
138
152
100
102
128
128
256
320
320
320
320
320
320
320
320
320
320
320
320
320
320
320
320
320
320
320
320
320
320
320
320
320
128
320
256
320
317
224
319
320
320
128
224
320
320
320
320
320
320
320
320
320
320
320
320
320
320
320
320
320
320
320
320
320
320
320
320
320
320
320
320
320
320
320
320
320
128
320
320
320
320
320
187
206
216
210
207
210
165
190
210
194
213
174
208
205
210
132
179
128
192
237
199
222
205
320
128
224
320
320
320
320
320
320
320
320
320
320
320
320
320
320
320
320
320
320
320
320
320
320
320
320
320
320
320
320
320
320
320
320
320
320
320
320
320
320
320
320
320
320
320
320
320
320
320
320
320
320
320
320
320
320
320
320
320
320
320
320
320
320
320
320
320
320
320
320
320
320
320
320
320
320
320
320
320
320
320
320
320
320
320
320
320
320
320
320
320
320
320
320
320
320
320
320
320
320
320
320
285
283
265
271
278
266
265
275
270
265
282
261
292
128
320
320
320
320
320
320
320
320
320
320
320
320
320
210
320
192
320
199
320
128
320
128
319
256
256
320
320
320
320
256
320
319
320
320
320
320
320
320
320
320
320
320
160
320
320
320
320
128
214
320
320
320
320
320
320
320
320
320
320
320
320
320
320
320
320
128
320
320
320
320
320
320
320
320
320
320
320
320
320
320
320
320
320
320
320
320
320
320
320
320
320
320
192
224
242
128
64
256
319
224
320
320
320
320
320
320
320
320
320
320
320
320
320
320
320
128
256
320
320
320
320
320
320
320
320
320
320
320
320
320
320
320
320
320
320
320
320
256
320
320
320
320
320
320
320
320
320
320
320
320
320
320
320
320
320
320
320
320
320
320
320
320
320
320
320
320
320
320
320
320
320
222
192
320
320
320
320
320
320
320
320
320
320
320
320
256
128
128
319
320
320
256
256
128
128
128
192
128
320
320
232
222
246
214
227
272
218
241
225
220
226
192
192
192
192
192
192
192
192
192
192
192
192
192
192
192
192
192
192
192
320
320
320
320
320
256
224
216
241
253
232
239
227
249
235
236
239
237
231
218
320
320
320
320
320
320
320
320
320
320
320
320
320
320
320
320
256
128
185
212
181
182
166
182
186
180
200
174
181
187
176
248
128
320
320
320
320
320
320
320
185
191
186
158
181
175
198
161
191
172
168
178
256
256
319
128
128
320
320
320
125
126
208
219
194
256
320
320
320
188
320
320
188
127
118
126
167
172
114
148
168
151
133
320
170
169
167
168
171
178
154
150
197
175
171
145
184
181
183
320
320
256
224
128
128
128
128
128
128
128
128
128
128
128
128
128
128
256
319
256
256
256
256
256
256
320
320
320
320
320
320
320
320
320
320
320
320
320
320
320
320
320
320
320
320
320
320
320
320
220
93
320
320
320
320
320
320
320
320
320
320
320
320
320
320
320
320
320
320
320
320
320
320
320
320
320
320
320
320
320
320
320
320
128
128
320
320
320
320
320
320
320
320
320
320
320
175
182
218
198
185
176
186
208
182
185
184
195
204
197
184
202
190
180
187
188
188
126
197
174
320
320
320
320
320
320
320
320
320
320
320
320
320
192
320
320
192
192
320
320
320
320
320
320
320
320
320
320
320
320
320
320
320
320
320
320
320
320
320
319
320
320
320
320
320
320
320
320
320
320
320
320
319
192
319
320
320
128
128
128
320
224
320
128
128
256
256
224
320
320
320
320
320
256
320
320
319
319
320
256
320
128
320
320
192
192
192
192
192
219
209
214
200
211
219
209
177
210
211
255
211
197
211
212
216
206
205
182
118
128
320
241
192
320
320
320
320
320
320
320
320
320
320
320
320
320
320
320
320
320
320
320
320
320
320
320
320
320
320
320
320
320
320
320
320
320
128
320
192
320
320
320
320
320
320
320
320
320
320
320
320
320
320
320
320
320
320
320
320
320
320
320
320
320
320
320
320
320
320
320
320
320
320
320
320
320
320
320
320
320
320
320
320
320
320
320
320
320
320
320
192
320
320
175
161
320
320
320
320
320
320
320
128
128
158
128
320
320
320
320
320
320
320
320
320
320
320
320
320
320
320
320
320
192
187
320
320
320
319
128
128
320
259
320
320
320
320
320
320
320
320
320
320
320
218
320
320
320
320
320
320
320
320
320
320
320
320
320
320
320
320
320
320
320
320
320
183
217
222
210
212
228
227
210
201
216
218
215
218
185
320
320
320
320
320
320
320
320
320
320
320
320
320
256
320
320
320
320
320
320
320
320
320
320
320
320
320
320
320
320
320
320
320
320
320
320
320
319
320
320
320
320
320
320
320
320
320
320
320
192
192
192
192
192
192
192
192
192
192
192
192
192
218
128
256
320
320
320
320
320
320
320
320
320
320
320
320
320
320
320
320
256
320
256
234
216
320
320
320
320
320
320
320
320
320
320
320
320
320
192
320
256
256
320
128
320
320
320
320
320
320
320
320
320
320
320
320
320
320
320
320
320
256
256
256
256
256
256
256
256
256
256
319
320
320
319
319
128
128
320
320
320
320
320
320
320
320
320
320
320
320
320
320
320
320
320
320
320
320
320
320
320
320
320
320
320
320
320
320
320
320
320
320
320
320
179
246
320
256
320
320
320
320
320
320
320
320
192
192
192
192
192
192
192
256
128
320
167
210
190
179
169
170
173
170
205
176
188
142
255
255
255
255
255
255
255
255
255
255
255
255
255
256
128
320
320
320
320
320
320
320
320
320
320
320
320
320
320
224
128
222
320
246
222
187
184
201
259
180
211
218
196
201
171
160
231
200
320
172
222
202
218
206
210
207
194
220
230
207
174
311
313
314
315
313
192
320
192
192
192
192
192
192
192
192
192
192
192
192
192
192
192
192
192
192
192
192
192
192
256
256
320
224
320
320
320
320
320
320
320
320
320
320
320
320
320
320
320
320
320
320
192
192
192
192
192
192
192
192
192
192
192
192
192
256
256
320
192
128
119
320
320
320
320
320
319
320
320
320
320
320
320
320
320
320
320
320
209
320
320
128
320
320
320
320
256
320
125
123
320
320
320
320
320
320
320
320
320
320
320
320
320
320
320
320
320
128
318
128
128
128
128
128
128
128
128
128
128
320
320
320
320
320
320
320
320
320
320
320
320
320
320
320
320
320
320
320
320
128
320
320
320
320
320
320
320
320
320
320
320
128
204
192
319
256
320
128
128
192
320
128
256
256
128
161
128
128
128
128
128
128
128
128
128
128
128
128
320
320
320
320
320
320
192
192
192
192
192
192
192
192
192
192
192
192
192
192
192
192
128
320
319
128
320
128
128
320
320
320
320
320
320
320
320
320
320
320
320
320
320
320
320
320
320
320
320
320
320
320
320
320
320
320
320
320
320
320
320
320
320
320
320
320
320
320
320
320
320
320
320
320
320
320
320
320
198
320
320
128
128
256
190
186
184
187
188
186
177
185
137
194
192
193
207
196
169
203
319
319
320
256
192
192
192
192
192
192
192
192
192
192
192
192
192
128
320
174
128
126
132
170
138
167
126
191
122
129
126
129
131
127
150
139
174
140
152
132
139
123
192
320
256
256
256
256
320
256
256
256
256
256
256
256
256
256
320
320
320
320
320
320
320
320
320
320
320
320
320
320
320
320
320
320
320
320
320
320
320
320
320
320
320
320
320
320
320
320
320
320
320
320
320
320
320
320
320
320
320
320
320
320
320
320
320
240
244
244
243
248
243
247
244
243
248
248
247
240
246
245
242
320
320
320
256
319
171
320
186
256
320
218
320
320
320
320
320
320
256
320
320
320
192
320
320
256
319
128
319
320
320
320
320
320
320
320
320
320
320
320
320
320
256
256
164
320
320
320
320
320
320
320
320
320
320
320
320
320
320
320
320
320
320
320
320
320
319
320
125
128
320
320
320
320
320
320
320
320
320
320
320
320
320
320
320
320
164
320
192
128
128
320
64
320
320
320
320
320
320
320
320
320
320
320
320
320
320
320
320
320
320
320
320
320
320
320
320
320
320
320
320
320
320
320
128
320
320
320
320
320
320
320
320
320
320
320
320
320
320
320
320
320
320
320
320
320
320
320
320
320
320
128
320
320
320
320
320
320
320
320
320
320
320
320
320
320
320
320
320
160
160
160
160
160
160
160
160
160
160
160
160
160
176
170
182
162
180
155
157
190
138
177
180
320
320
320
320
320
320
320
320
317
320
320
320
320
320
320
320
320
320
320
320
320
320
320
320
320
320
320
320
320
320
320
320
320
320
320
320
320
320
320
320
320
320
320
320
320
320
320
192
320
320
320
320
320
320
320
320
320
320
320
320
320
320
320
320
320
320
320
320
320
320
320
320
128
319
320
128
320
320
320
320
320
320
320
320
320
320
320
320
320
320
320
320
320
320
320
320
320
320
320
320
320
320
320
320
320
320
320
320
320
320
319
320
320
320
320
320
320
320
320
320
320
320
320
320
320
320
320
320
320
320
320
320
320
320
320
320
320
128
256
320
320
320
320
320
320
320
320
320
320
320
320
320
320
320
320
320
320
320
320
320
320
320
320
320
320
320
320
320
320
320
320
320
320
320
188
320
320
320
320
256
256
256
256
256
256
256
256
256
256
320
128
320
320
192
192
192
192
192
192
192
192
192
192
192
192
192
192
192
192
192
192
192
192
192
192
192
192
192
192
320
320
320
320
320
320
320
320
320
320
320
320
320
320
320
320
320
320
320
320
320
320
320
320
204
231
211
217
224
195
199
185
232
190
219
218
192
192
192
192
192
192
192
192
192
192
128
320
320
320
320
320
320
320
320
320
320
320
320
320
320
320
320
320
320
320
320
320
320
320
320
320
320
320
320
320
320
320
320
320
320
320
320
320
320
320
320
320
320
320
128
320
320
320
320
320
320
320
320
320
320
320
184
175
181
179
180
178
182
188
183
192
178
185
178
178
188
196
257
267
260
258
265
262
252
258
265
267
269
272
262
320
320
320
320
320
320
320
128
192
192
192
192
192
192
192
192
192
192
192
192
320
320
320
320
320
320
192
319
319
319
319
319
319
319
319
319
319
318
317
313
316
303
318
315
316
319
319
319
317
316
320
154
190
205
224
146
320
320
320
320
320
320
320
320
320
320
320
320
320
320
320
320
320
320
320
320
320
320
320
320
320
320
320
320
320
320
320
320
320
320
320
320
320
320
320
320
320
320
320
320
320
320
320
320
203
320
320
320
320
320
320
320
320
320
320
320
320
320
320
320
320
320
143
320
320
320
320
320
320
320
320
320
320
320
320
320
128
256
320
320
166
256
72
256
320
320
320
320
320
320
320
320
320
320
320
128
320
320
320
320
320
320
320
320
320
320
320
320
256
320
319
320
320
320
320
320
320
320
224
320
320
320
320
320
128
192
192
192
192
192
192
192
192
192
192
319
320
320
128
320
320
320
320
320
320
320
320
320
320
320
320
320
207
226
229
228
228
236
231
205
208
213
216
247
208
320
192
320
128
128
128
267
254
251
264
320
320
320
320
320
320
320
320
320
320
320
320
320
320
320
320
320
320
320
256
256
256
320
320
320
320
320
320
320
256
256
256
256
256
256
256
256
256
256
256
256
201
223
220
190
204
176
189
221
227
177
200
207
320
192
256
320
320
320
320
320
320
320
320
320
320
320
320
320
320
320
320
320
320
320
320
320
320
320
320
320
320
320
320
320
320
320
320
320
320
128
224
320
128
128
320
320
164
256
256
319
184
256
256
256
256
256
256
256
256
256
256
256
256
256
256
320
215
128
192
128
320
320
320
320
256
256
256
256
320
320
320
320
320
320
320
320
320
320
320
320
256
320
320
320
320
320
320
320
320
320
320
320
320
320
320
320
320
256
320
224
319
256
64
320
320
320
320
320
204
193
212
195
206
192
203
210
199
201
211
211
209
320
320
320
320
320
320
320
320
320
320
320
128
320
320
320
320
320
320
320
320
320
320
320
320
320
320
320
320
320
320
320
320
320
320
320
320
320
320
320
320
320
320
320
320
320
320
320
320
128
320
96
192
229
225
205
226
199
193
226
220
229
237
229
246
206
320
320
320
320
320
320
320
320
320
320
256
192
192
192
192
192
192
192
192
192
192
192
192
192
192
192
192
192
192
192
192
192
128
320
79
192
183
192
192
320
320
128
128
320
192
224
196
197
206
320
320
128
256
192
192
128
224
128
221
320
320
320
320
320
320
320
320
320
320
320
320
320
320
320
320
320
320
320
320
320
320
320
320
320
320
320
320
320
320
320
320
320
320
320
320
320
320
320
320
320
320
320
320
320
320
320
320
320
320
320
320
320
320
320
193
186
178
174
195
203
128
320
320
320
320
225
244
128
320
319
320
320
320
320
320
320
320
320
320
320
256
320
192
192
192
192
192
192
192
192
192
192
192
192
192
192
192
192
192
192
192
224
256
256
128
128
320
320
128
128
128
128
128
128
128
128
128
128
128
128
128
128
128
128
128
128
128
128
128
128
128
320
256
320
320
320
128
128
128
128
128
128
128
128
128
128
128
128
320
256
319
320
319
320
320
320
320
320
320
320
320
320
320
320
320
320
320
320
320
320
320
320
320
320
320
320
320
320
320
320
320
320
320
320
320
196
202
190
211
213
197
198
188
203
188
190
175
253
320
320
320
128
320
320
320
320
256
256
182
320
128
256
320
320
256
256
256
320
320
320
320
320
320
320
320
320
320
320
320
320
320
320
320
320
320
320
320
320
320
320
320
320
320
320
320
320
320
320
320
320
320
320
320
320
320
320
320
320
320
320
320
320
320
320
320
320
320
320
320
320
320
320
320
320
320
320
320
320
320
320
320
320
320
320
320
320
320
320
320
320
320
320
320
320
320
320
128
128
320
128
256
108
128
128
193
128
128
128
128
128
128
128
128
128
128
128
128
128
128
128
128
128
128
128
192
192
192
242
238
237
232
241
237
242
228
234
320
128
224
224
320
256
320
320
320
320
320
320
320
320
320
320
320
320
320
320
320
320
256
320
320
320
320
320
320
320
320
320
320
320
320
320
320
320
319
320
160
160
160
160
160
160
160
160
160
160
160
192
320
319
320
320
320
320
320
320
320
320
320
320
320
320
128
192
192
192
192
192
192
192
192
192
192
192
192
192
192
192
192
192
192
192
192
187
320
224
320
320
320
128
320
320
320
320
320
256
256
256
320
320
