Size
12101118
7592423
3535685
2487435
7471203
4436807
6184712
3890128
3255654
9462368
5829443
4143404
8485964
4116563
5348769
5154776
8984289
10458685
4273725
6246975
8181800
3196249
3093187
2607951
3096831
4001778
2454887
2790505
2991249
2485744
2970588
10854292
8250029
7907974
5947753
4514460
13385069
14903641
17573035
10669385
8581691
12660382
10204407
5765162
5937111
9948497
5543269
4482489
6064945
4273088
7124407
4824874
5192424
8438595
1903720
10255411
5302479
5941794
6555780
7140083
6475949
5910029
3919708
6073462
5235449
7586051
5312347
4700036
10926270
10508365
10377810
4761422
3403059
2730143
4082248
3756257
3696684
4624572
3490849
1681188
2763592
6279679
3060369
4468868
7476075
1771988
3988204
13218866
8550292
4497085
2958982
6103121
4383211
6515827
10015193
6298517
8163654
8032630
7960445
6881240
5121378
6490688
10097885
6842670
6149132
4625384
9943226
4433585
11676900
5639316
5760951
6276713
6718901
4708552
5331282
6058539
7413559
4548055
5821133
10891876
3636624
13037235
5805970
3629927
13271168
10899584
11853952
10133632
7524480
8327296
10809472
11350144
12068992
9891968
8691840
11389056
12728477
7633024
13684864
4178085
4244481
2752373
4521361
1982783
3128512
3974351
3906975
1827654
2126475
5634196
6173887
5296176
8753657
10886812
2522652
3359568
3002748
3389975
2740502
3940945
3659910
3388490
2960819
2720772
2466821
3298780
4194972
6338839
9371990
4482009
5277816
6428283
6497587
5776194
4906704
2339522
2891414
4477648
6490262
5276006
7303702
1669467
12719199
6716241
5861125
6318969
5845947
6038465
5559994
6445358
6633749
5487586
5555888
6939050
9729424
8329269
10875669
14264311
14453429
9729564
9859383
13460246
14412402
6811973
5983212
20692352
14809059
11019849
12221889
13020196
12324072
16902333
13651891
14166733
11738390
8679973
18225108
12609827
12393533
25027380
4364523
7319494
5263136
9034173
3210955
3591298
10365742
12762628
10732527
11800387
13411617
8944778
18476240
12241338
14298738
15221384
15207798
11685449
14802029
11074383
8623781
9831673
9537018
9104429
6766989
7620668
9702106
9770030
9148308
11492021
10368768
8561495
13071275
16853814
11796498
5855349
9690930
6323571
16094025
12463905
10981425
12899013
9725460
9667088
6511596
6775681
7248594
9903597
10468885
5278183
5143212
5014866
5758421
5528322
5816096
5311416
3757234
4864837
5236186
6295082
5281934
5930186
7190336
6852733
14176246
14491996
15462496
5035157
2396767
10502616
7396130
8421186
8394010
6933247
18797030
7534066
6730528
9823447
5955216
2765150
3009653
4849745
3774521
3962604
5769223
1143437
6032106
5236945
7307941
6548291
5037367
6036289
6186765
5478313
5631917
6413504
6874312
6392602
6934907
6062411
7557662
7815753
5363373
6610977
5544164
5714467
7130297
6333041
5391612
6911913
6942212
6240043
6404086
5932849
6674717
6305889
5398903
6662188
11888131
30194762
11998068
9048770
9416636
14357968
13252464
11255656
10329882
10474078
8952077
9958948
11536734
13391431
7039498
12676720
12161594
10020598
5184875
11011601
30689577
15714099
37813691
10911748
22589528
8253979
4716557
4239360
1589248
7690240
4612096
6182683
5638144
4155392
5910528
2695168
5920768
9123840
6635783
9608880
15287970
4893259
5179307
8250576
10959699
5981228
4534393
9608880
6461724
12383182
11782372
14286113
14039518
6135119
11556894
9237953
5366876
4533125
12255714
6263185
6382307
5046252
11621435
12593048
8546504
12202592
11288048
8846132
8591396
10316084
8951576
7935764
12705800
15835712
8871188
12861832
7875608
11172247
7428382
9560055
10768919
8610158
12354028
12775124
10858779
9959115
10812799
7853648
8061586
13932878
11129671
5811058
11941481
9523587
10546528
10508924
8731544
9141140
9485976
6720984
2251810
7840196
9468413
7238122
4434210
193533479
83980525
10788163
9603257
13769260
7826924
9171710
6905328
12248931
10313782
4039173
12977231
8795785
8075856
9555438
12915850
13195860
7475050
4675750
8835497
16075599
13692324
1175551
7788515
5845626
7849312
6774747
7703244
6031206
5304570
6946535
9501300
3612430
9693734
9994666
13530624
9453411
10874481
11298698
12150297
12038511
11873421
16683062
16839800
14246272
9800137
15011767
12360851
9983728
10609592
11893766
11172784
10515059
1305598
3924212
7661333
11765635
10083754
5657262
5142532
8997340
10363213
9670452
12851125
12255517
11745637
10214850
7207635
14438325
11284819
12796789
8104185
13265973
12368399
10395907
9012464
7619479
12532809
22390848
12173836
15999730
13664383
11865031
3730500
7692766
5811941
10930896
7133531
4799433
6499701
7314720
7697772
15219022
14950691
7961185
30239969
13512282
9444319
17455563
13089707
7685060
12531521
11293052
8672549
15509116
6712989
5255361
6446534
4235950
6605789
5085459
4737499
4041606
5950006
6846527
6089818
11675179
31585978
4869248
8354501
4585607
2830074
4671142
4228996
14524190
2149339
2090211
3890953
2417885
5523273
5492943
7049217
44317110
14618780
7904556
12197203
2572815
4330763
2252453
5098765
4950251
1925208
2710751
2207319
4850491
3174676
5589657
2740844
2711386
1745265
2209822
4308807
3338314
6242294
112885324
1425691
4174374
9667719
16441931
8243399
8975787
8466358
8456624
12694920
10203217
10138908
7656682
9717522
4555355
11909819
1925293
9613653
9456918
11799584
7169636
14467211
5156121
15144295
11298033
7244872
12897767
4085105
12070205
13343406
12316293
13115626
13773401
14160884
16227393
15368493
6707967
4913510
15351935
9681234
8053284
7050485
10042776
7891318
9160128
5938419
8293604
8793366
7919542
8367797
6942360
6582921
5358899
6122553
7628699
5902754
7503709
5599536
4860901
5475378
6205790
6340332
6265769
6177533
3720012
4480410
6686458
5374808
6638309
12521919
12902481
10862830
12663193
5102323
10862831
8732488
5460733
5902736
9974315
9386040
12166524
9226174
4514721
10040141
8718351
8766420
9032867
9218996
2195048
7935720
9637862
10677538
12357733
14443508
16425688
17326384
19243768
17914653
17564616
17646114
13181262
17907344
21023230
4404136
8091787
11679217
12408759
8525547
9163974
6696986
10549521
9014551
11793991
9760762
2369007
10892237
9295630
11742780
7889213
12106411
13797047
9765686
14384297
10098888
10289067
9468815
9511498
11040344
8450040
7601576
8625594
9622438
9660033
10088459
12014199
10488630
9075939
8095832
134251628
92034160
11383218
12492058
84301733
11189268
12051323
12174627
9230088
15084644
15215264
9329360
12680339
14157839
12045037
18082470
9032613
11911305
10091084
10165278
16365729
17871426
12732618
15043933
21193157
22212978
18271622
16051214
16448275
20220357
13072849
29467955
14418285
16059810
14831016
15390024
14385877
13313840
12012716
18291242
9078446
13494231
10938418
18287176
8162110
10150555
21452191
12184973
13754400
12315590
11497419
16958053
9968959
3023782
3255487
11557571
8460497
9206562
24120414
18507223
18667092
29627027
11466698
2923619
32706342
13346461
2427277
5867093
4951758
6106371
5101179
6506590
5587074
4307074
4427238
10854405
5346748
4666519
5558868
9226454
4427243
8666394
5386460
4147205
14626493
3427275
6906780
6427172
2906916
6626754
11066520
9746814
6666460
7466847
7235924
8476228
7264147
5214053
1969650
6269405
9928632
6532714
2798254
1685432
6653927
6016536
14613960
11141761
7532683
5389598
6239103
13560703
4601745
3507736
7484621
11022645
5477372
6065647
5162855
12161581
9725927
7906755
2897514
4674888
6508682
7588064
13388292
13862673
3626853
17788355
11710183
6919329
9849223
5510804
5707245
6061468
3187996
5069857
3308159
6625710
4465906
7506559
4988355
6426134
15144761
6599585
13480223
10906640
15507326
10306869
9226445
11107261
13746673
15107131
12026771
10586903
9643356
7066639
15880356
13786381
18186446
17146772
11506413
12707001
18947132
13866838
11181450
17626391
10746774
10346580
17186479
14866824
16986922
22227085
4106465
24507044
7346689
21986739
13446808
22800716
23106871
15586741
20627329
28307323
17706833
14799933
30109799
23347198
24467329
9666345
7586998
14746639
16466541
16227260
21507130
12142751
23525869
22826833
20417312
51587662
22611590
34188013
28072235
25058745
9077046
10923381
8022731
10273455
11026823
13947314
14507378
13426955
3071981
3867148
3307083
5386430
2867181
4021793
11541945
6848252
2210991
1624804
1964397
6880668
19680643
27067028
21866571
32625905
23134048
2587159
25880039
26467276
20426722
28187173
20507155
5106395
2117987
1816012
4226591
7357114
32520347
21106927
2066789
1713629
5428241
2547457
5849335
1730347
5674837
1790951
4848322
3605939
1453450
1671834
2931981
7520128
1547491
14069548
3061548
7655964
2630005
3725058
4602772
4075099
2058446
2202642
7100079
13066439
9827267
12146954
6547339
7226523
5267339
4466934
6466868
2946607
5666477
6987228
13399766
13387228
13987005
5987267
9267195
4386493
9547235
7386378
7186809
16842712
12856433
3789851
2424175
3493113
2646741
2528672
23866497
20026497
5147150
9547216
19916783
13750747
10982810
17475803
10854294
9448904
9558608
11887696
15620071
12926326
13618043
13864646
19018923
11788238
11565526
15989460
3598365
14967663
6587621
5166481
9970614
5741521
2656218
6933333
9964359
16142695
7195462
6606158
8301063
7900738
12735493
9718870
17761431
12913144
4624986
8800433
10101315
8438958
15392221
25052411
16402430
16516922
22499742
27225298
25356000
7539868
6240597
6053885
6903049
4033732
7109949
3608486
5419125
8863110
2161937
10921982
364204
939438
9760243
24917028
16837563
4354415
14021886
19555116
1043838
5156217
5736707
6011260
7053191
3227971
11725084
3048383
14801768
7152904
12353624
13892217
4028007
5324261
2353236
9297899
15719030
5511427
3981690
8001411
4417423
3166673
6081942
4413234
7269997
5202138
9787143
8603068
8063089
11873049
1897670
2572404
3398312
3878373
3915648
6615314
7056157
3945468
3643881
4111224
6257586
4668017
4825208
5331212
4784216
5046725
4440630
4685273
4630375
5382172
4290046
3865822
4431038
4078711
10858410
5341149
8827758
9285612
5968433
8027804
7457074
8310080
8894633
7918436
17481299
16072863
9340656
8545124
10612252
8272647
8751841
6855942
10533946
11834771
5098881
8571229
7015672
8115005
8363475
12277426
10185276
5138701
2828753
5222877
2755292
3854831
4239888
4263673
3973017
4725858
3389144
3689351
5548476
5358042
10433364
10248248
5952465
6168137
4776321
4723687
4934334
4629641
4694226
2698028
3462919
1974469
2886122
5767475
9451875
3899534
9631784
5649030
7817925
6529188
9771492
3571755
7625962
12196347
8081544
7697006
13103319
5121346
7435793
3828818
6455679
11551643
11471177
3309485
9298835
7319812
8432619
5468249
7814039
5030443
14042611
4019952
2645741
11339350
6983161
7816880
5129771
9692472
12663225
9701884
6582937
6143013
10651956
19712698
15543611
13229164
11676466
16907207
13748505
17303217
11853040
14864435
8512515
24943563
15921867
13686852
23989571
12894068
8361299
11993365
9032132
8525349
4239177
9572336
8132464
9302759
9175271
13855373
8335180
9667423
24071338
6682189
1233046
13162648
13279670
11983996
9875390
17281638
18001577
7039540
14598338
18254434
4947655
16646332
11089574
12710200
2155687
12789242
10555262
11530135
12851934
11619996
9949209
792760
11529107
11491471
16662672
6407149
7922813
10519205
5931873
3883544
3821867
6319201
4931717
3742598
5517403
8228698
6510250
10051512
4079818
6270144
4177954
3318733
6495642
10065072
5374380
11180058
4832540
8094004
12432284
10898744
3477632
8853882
8533725
7039103
10402855
12851260
9942202
5337771
5158877
5280088
6433710
6100959
10066558
4743429
8321162
5261695
6713691
4555351
5801777
5081138
5397126
5452289
5166405
7272920
7247474
12902467
13861695
11812853
14742557
13543012
12602600
14863728
5466536
8551537
5622771
6911134
8088734
10703073
16777063
8374003
7257024
16371504
17982737
13261888
13136500
11858590
10800108
10403047
3195812
10940080
7898172
7538707
8092418
8692192
9310884
10368319
7693269
9784201
10275216
9637960
9900094
8438370
9340128
8143702
11489385
8301484
7778002
8215834
9131143
10337901
7669335
7714285
9258609
8744565
18309414
7902337
9055904
7711149
8679314
12776401
13264420
12922694
15500473
6892431
15841361
10818554
7903302
12616813
12915647
18769175
14718097
16749395
22795167
25500401
17929823
16104259
13550530
4531307
12779522
17054200
17893952
3722138
18882176
6450157
15944601
17750976
4465377
172872640
8530786
7192196
6354378
8817961
9916164
13181928
19096325
10155938
11930037
13613766
4249303
14147754
12622431
4619563
2199659
7328819
10003141
14503514
9173483
9143183
13134712
9337535
10759649
12295637
9705385
9382479
12479523
8562865
9794922
6583248
6812708
7509868
7102353
6687964
7663462
6666090
9797573
6627133
6590765
5525597
7402033
7985703
10638288
12607571
6213350
14604942
11652027
4277975
14382970
8389499
9928858
8469581
9284971
5382254
8894150
8823117
136377042
153454018
137023233
148346597
7052441
4922433
4416180
4911984
4810629
3769388
4506563
4677404
3522792
5085437
4395804
5817388
4346694
4537388
4313257
4946465
8110584
3810604
9027848
7699001
4684308
7415125
4706849
5450818
9211657
7963589
10328418
7885850
8167677
11437592
7834747
12619374
7914245
13950535
8347793
13583775
11359187
11818939
12455289
14181318
6502369
7052286
7911226
8328030
7822180
7983001
8520591
14653624
15058007
13487511
14760195
16455025
16130067
15502078
16437258
15332797
13927424
14492712
14652577
10079784
9793541
8709560
10414497
5422973
7416670
3640731
3690468
7142926
7383827
4256936
6046950
9864765
5092794
2424341
4708379
1269111
4460945
6079823
7046273
946098
5040241
3275659
4574057
7032456
1399713
2728685
5447616
7407254
4878354
2981271
14177341
7178429
6892443
4116481
8827028
16406040
7423043
13021802
11611789
29505054
10456520
12098732
10810432
18622688
8361212
13419392
9527360
10998356
10715432
14870751
8866510
13345271
7570907
10358387
8116918
11986724
4003198
8619927
6042055
8162473
8336515
6380525
7046727
6504645
6453871
6646714
7243486
10545753
6412032
2476751
3840956
10783387
8736590
7183864
9461785
9097148
10170180
8322815
8935117
8336404
9138884
10431405
11374582
4491359
7241545
6880795
6371637
5048985
8151308
13287639
4609042
14699603
6733840
6174679
8410538
3936671
7262263
6983271
5025698
6116845
7554192
1217676
6869158
5491514
5388061
9082616
4024440
5080862
6950742
3938744
3709541
8156849
7853399
8953677
9881546
10666264
11157366
9859603
8849187
10934803
10215913
11327685
11331864
8853366
9033089
11755048
6920800
3759457
6862944
4576950
6792005
4845464
7455441
4230957
5967384
6687521
8573908
5286961
8252055
3624595
5308329
4076102
9683362
5972084
5262448
4658393
10658224
4191953
4540789
2222015
2110491
1567803
2335408
3941393
2919811
8531398
3591835
3344571
3067136
4457149
6101074
1819547
1723783
3211130
5293422
2701756
5121013
5699019
8338082
9182536
4309565
8708771
14462408
7501634
6291618
6705416
8135857
7026159
8020924
6708532
7126498
5625998
8296767
6255065
5921750
5667828
9193284
7250846
8010471
6931090
7419039
6179695
10653880
3474213
11051808
14830268
103835271
5603594
10632222
10607590
11544031
3786241
20848039
7983110
6427347
20917963
6214225
10654479
7171632
9289397
6338814
10964628
10723895
7685119
11484364
10073756
9860597
10790966
14757969
8266291
11048638
15147361
25598433
14562221
17472261
12852773
23248457
20993566
16852637
21331073
10343320
9701683
14208239
20941355
5111530
5353248
5420227
3528069
8218121
2493284
2459235
2812034
2824502
2297082
2496102
2315232
3328533
3246458
4087944
2049200
3114540
6348772
5031876
7660616
5478261
9034047
7047698
8698639
9912814
7889922
10036112
7573308
9215865
10349585
7867946
16120646
7935784
9012039
9367306
11216764
11686970
9028746
7206459
10675535
7579466
8876209
11300359
8519889
10898095
4511151
10426292
7567945
6706154
10569984
8177385
9041581
12238269
3901195
3362327
8380320
10239681
9420490
7538629
8687995
5095648
8869820
9078796
10095485
10361928
7194854
7859403
11328457
6871978
11315937
7014091
8502025
12664894
8085107
10931415
11784048
9127923
12612665
9371407
7056951
6816633
15509139
15870662
10710930
9454989
15525867
11721353
7265931
8227212
3524659
13350130
11620463
9488131
13911593
6083184
2390246
5437180
4249087
3997498
2972649
5013168
1148635
6003633
6601138
5556093
5082384
2756554
5131124
3696750
1700898
2702162
3935979
114832606
5074658
4536453
4635488
7491730
8164474
6171227
3803844
4644603
9094952
7160843
8140951
6513001
6995740
7252796
7565223
6681226
6565234
6484799
6262226
9672769
7974820
6606015
7546406
6122216
5523488
5695909
8674888
6495243
7313400
6695854
5431544
6146243
4855808
7963331
8980021
6607044
7586108
5885016
7784645
7777330
6872443
6705264
7615372
6497328
7347878
7273693
6905901
6224645
9443940
8470099
7191139
7570442
6487918
9600675
5252866
8090810
6261194
6650930
7199504
6344777
5948756
7711497
6022936
7965402
8649818
6700041
7195324
7383421
9696801
7808679
5916382
5833827
8399058
10332110
9432448
6391787
6521365
5110763
8759535
7393865
8368735
10752158
7299814
8479487
6995745
8327998
8253816
7091870
9834757
6803474
7365652
7582972
7860915
8015570
6750200
7457592
8801329
7593425
7999888
8024961
6267448
8044833
7351016
7592386
6288351
6405376
8172291
8470100
8080916
7759968
4846267
7486013
4509477
5693568
5776424
6416203
7052585
8217316
5830180
6125754
8998794
3911799
8922601
8354663
8908009
9089651
9069815
7195831
8484077
7942317
8398545
9829893
9939467
8093697
8301451
6967051
13060294
12623554
8846464
12703235
8710938
89460215
73058839
131255271
12941119
2417248
7765952
5322655
9359158
9142863
5738529
10682126
6218203
7798394
8516962
8725907
24942852
6961210
9374923
8819054
9751080
6525485
23610613
5433565
12303795
23137285
5400616
12702806
12103042
7372051
7695630
4397659
7033962
10443502
7537327
8519482
7935376
1390133
8747264
10966629
689018
7880002
10600922
1437158
3334699
14040727
2265770
11425353
10478434
3305518
13850942
15863416
13187432
15583383
14769408
12652444
13610599
16196721
15616820
14203073
15804902
12719318
11486750
7564199
9578754
10283061
8968571
7782573
8138921
10183754
10506630
8226654
9847298
11514957
7222510
8302947
5042500
5993399
9944503
2740792
1462219
7139085
10025126
6099972
2628511
7718221
9136145
10980389
9054640
8949108
9303336
11833041
6546891
8505023
5239718
9874879
7959613
4917903
10858134
3509880
7104385
5838153
8773603
6443477
7753796
9556246
13643879
10930287
3904376
11273013
11437052
9999276
8339971
8716159
8497753
8670164
9214549
11330469
7579302
8415222
10769382
6163937
9511887
8288127
14400243
14566390
14124382
13187121
12814094
14566378
12483891
13297722
7204817
7062411
7062411
6582806
7489045
9700936
14986986
14928479
12647475
16213704
13249338
11902447
13809389
13705950
14849059
11124001
14797877
12941082
13239918
15569006
11601517
10940094
11715414
7944193
6271768
7422922
9529472
11091300
8575257
5742903
32756425
17235261
26057087
10194518
11154980
6258626
12823294
7492741
4092867
3325934
13750438
8856573
10713337
6821432
7844328
5060473
3118755
4755301
5847598
3512973
12342308
11735195
2128621
3267465
4463103
6259864
12508607
4135693
10058560
4090250
9243273
16107769
5694485
7852221
5647414
4133985
5972794
4068788
4364062
5586608
4824247
4774725
3640703
4009213
5396008
5673110
7937620
7465547
6722607
4775980
7305051
5504470
8512535
6215842
4407020
3814547
5607645
10559758
6835620
4712606
6189746
7638881
6193519
6628585
6496870
7209326
7825319
4509770
7301308
6554882
5954466
6248258
6547115
6292654
13703961
1900291
8840183
10089993
11229973
7479835
8941653
6905146
9185108
11163109
10920688
11572702
11389846
10580052
10758736
9074542
15038571
8886675
11603718
7284032
7538670
6702106
8894760
7663656
8723858
11377231
7489749
6274703
9227631
8524081
6351168
3258421
18492840
18372679
9653008
19692390
18733172
13092803
15893129
5222325
5011209
5228025
5813375
5670444
4914869
2719769
5251823
3127771
6576038
5649867
5738414
5442860
6241111
9045755
3554209
3720090
8247660
9583795
9345359
8874395
3444345
6038648
6308962
5145418
7238915
9692748
10566075
11253601
8278380
14902291
14462407
3746564
4255257
2883688
3320903
4280811
4695543
2383276
2548667
4365888
3084049
2794343
6172509
3015316
5860587
3695498
5736542
5704198
2454526
5885932
4116229
6192579
6987035
2588704
3935539
6193384
5587489
5969222
8372041
8972820
10455941
5500371
5270674
3474153
4485306
4181679
6318335
5574957
4477144
4795662
4785601
2919800
9103258
5422534
5468901
5379781
10576189
8385425
4149539
7114541
7550055
7555070
5878337
9514582
10135233
10777845
10535795
13949478
11234832
8833053
11542478
9237433
8890526
7707723
11399357
12048247
6868677
7535323
11562364
4903227
9725433
4216734
8942795
10787046
12606188
8153879
13023120
7774588
197708917
47420837
12212431
8668159
8423647
12949092
10472686
9689016
9408983
11673268
9368220
10013985
10277983
9040835
9432663
10851593
10289435
9044962
11113860
9203777
10381375
10235097
8785563
7870740
8599386
9400019
8777942
9347220
8320030
8361312
8647384
8861468
8873953
6249302
2887099
5023219
5879293
70461799
5632173
9152433
6621698
4859991
9392760
12136666
5830708
11794988
8596558
2246078
2546075
3297706
4744537
2909504
2802792
3237798
7681947
2435555
2552515
3939863
2212830
7167104
1991237
3822240
3581860
2378901
3485745
5754725
3955550
3327083
4227635
7075670
4574429
5605572
5706939
4687109
7195907
2428041
4198111
4809366
2944220
7515643
6082056
7210549
3733120
10748557
6487064
4238846
3891936
5371629
12443473
10120689
12989978
2939097
11518759
16616818
7915970
7792670
4455255
3940113
10301468
5857496
6014239
4076988
5618221
7007938
5429100
6044541
4103134
4610936
8653644
7767572
11643233
8538792
11084412
8863995
9005047
11124114
12298579
11637159
9564091
12013309
10324762
8519179
9373912
17216912
7865510
5219597
9463158
13670702
11124130
4070408
4446945
4296559
10467667
3648373
12572499
3672884
3250458
8359494
9018465
4505607
15089292
7382166
10069661
7683895
11104179
9332299
14862586
12242886
6572518
7245286
5017599
6537557
7567284
3650363
10121607
13171355
5872702
8729915
4557384
7012729
5473969
6573932
7791701
6534144
5477388
6968319
5561401
4651649
5436903
6243045
7940418
8498142
5872039
6673328
6450522
17887410
7630320
7901388
4696098
4541425
14249320
4164793
12834505
8990171
4851699
1700441
8207033
9550772
8388842
1400545
10970789
4199845
10911226
9892430
8015815
10739847
1311730
9393008
17999820
1022293
12274801
7994902
3204040
14561062
9607202
9276985
15195584
10626298
8531219
9625263
10920909
11208284
11081753
7687994
9642989
10421508
6714152
14469450
3148779
7474126
3513501
8668058
7564658
11070295
11561371
1905147
7955525
10279301
9482050
3013796
11148645
10796524
9269601
26142927
11185254
10393239
5610723
10118414
13044127
7553197
12687833
11462160
8632595
12369132
10216630
12756782
13289315
7668989
9138136
12484982
7643942
6375416
8277134
6590679
8358636
7824715
8861226
8263548
8557185
21410464
10528539
8957416
13411428
8090794
6542247
8711453
8819082
8050045
8267437
9539028
7831739
16641194
5296433
7433831
15258611
4704912
22229003
8476272
8331029
10666378
8240131
6965356
9504455
10835648
3075498
3243931
4029460
3836797
16102863
8982928
38263082
11466222
9022635
10883932
10554014
12120020
9290780
9745988
9495422
8155960
8105844
11877836
17188670
9404457
7692313
5045883
8364098
13142693
10752053
8511228
7330052
3247286
3685102
5631224
7382087
10482453
7997693
6774109
6606934
9585935
9536818
6436612
8350863
8571327
8768825
5693694
7498343
12255624
10761424
9445268
13669143
10550123
14633584
15563543
13627616
13243129
12421806
10505524
11983985
9596810
17733436
13451448
25027863
11073257
34896936
19469020
18324861
12252424
2334892
4341392
3771826
3580468
5635620
4482287
4865167
5067384
5219812
5635215
3342878
4191918
8469428
5141275
7912566
8870757
9675330
7767360
8798635
1038182
7012903
9503940
7271007
7865586
9419309
9516481
3926284
12178343
8624714
10214004
12172143
12058249
11928682
9650804
9031180
10946478
10922445
8990429
8622789
10097140
8702201
6935279
8501581
9163001
9683361
9242414
8108699
9750234
10721989
9343769
11706283
8440248
8820413
8084801
9156880
12046005
8449482
11356360
9145374
8919680
8928041
8058685
11536106
6889770
6043358
5451621
5241823
5944076
5865731
8056824
6354095
6996180
6167040
6049072
4884927
5780046
6207005
4170732
8975192
10902417
10210799
9024848
16414317
10028330
8270757
7499829
8362859
8406710
8058711
10980772
9357609
8949129
10499195
9380696
8351236
8431020
10622451
9273856
7330360
8680768
8508322
8837465
10448697
8541759
8080959
9932518
9027636
9380812
9157203
6492714
8819701
9828028
14598840
173099799
8052281
6040694
8084792
10772882
3975694
12706767
19530979
9448754
7400752
11629482
19312589
8940930
11875014
18956284
13733883
11994127
8614920
22483866
26682270
22520450
15838308
14886716
9190906
10566619
11594695
8265226
11783716
10978727
9522445
10022436
8287906
13457972
8597254
9342405
11519136
8961401
8448596
2700931
3371288
12121510
27947493
27387937
45771710
12640387
9682715
12561020
25315591
9643038
17036654
18995198
9603374
7884990
13599848
17156722
24181794
21513330
25377175
15605895
8024574
9832146
8123747
7904299
8031778
7896987
7370358
8289978
10870823
8922056
9066344
9905121
9138486
10035743
6852700
8172415
6102193
7024466
12622696
15532694
9199956
19152210
20163666
17228562
14814842
17386331
18567063
21082135
21511600
8984760
10570803
14887281
10852920
8251752
10904333
12963828
9945196
3700635
5863627
3725583
8809155
8477078
7342781
5826166
7325755
4145056
5446538
7374625
6321386
10903345
18131777
7045363
15724969
9986553
10411656
9194650
7468609
7939026
9068995
7622129
10196867
9269394
11911654
23753385
4813249
3950653
10704097
10318538
8199465
10267341
8200525
9506632
9714586
9577689
9529639
10505580
8875518
9820119
11262056
11019661
8042841
3890444
8567756
13742461
8734485
7275033
5950441
7792213
3933575
5424162
2836153
8143241
3986582
7345404
3088129
4978329
2750254
8426022
16202906
10433231
1233976
7062985
6371307
6577812
4867227
7549904
6139816
4911182
6371487
7042028
9615374
19229568
9779127
13987488
16776857
13887902
41719757
5264373
10848124
3192861
3226841
3564283
2007398
4016293
6029063
2369405
4519309
2689830
1656761
4789391
4151740
2566542
3890387
2361923
3077012
3177187
3224318
1656767
3528397
3700270
6164965
8283372
4550235
11772924
4583881
15252389
12114114
7953324
7064124
7310717
7973185
13071242
14651121
9576053
8068274
8141415
12645964
10321046
7221786
8947957
11408689
9217543
12930067
6328174
6921885
5580863
6988967
7677346
5594028
6073636
6392121
6036020
6008435
7073397
6199444
6392541
11236073
4763154
10568153
5731464
4280840
8575660
7717615
15145876
12272093
10334040
11343435
10101672
15785646
10752371
14857777
12584079
12080441
11646805
12038645
14684321
11340660
8771225
17194052
7101182
4291358
6692850
4093809
9162446
5182666
6263083
10942118
8589122
14422672
9899735
6148908
6558758
8963076
8192824
2042723
3476316
10192918
7535740
7653809
6276642
6999728
7121967
8934864
10339205
4189990
8902496
15154342
9036096
5433641
9054081
4199559
4100023
3760589
3792850
4938832
3965081
2720750
4756331
3652745
3936378
8999876
9240191
10244333
6871393
17074829
10177212
10135220
10608060
7932072
7946709
8869346
10221453
6500576
10268461
9697957
7913291
8429493
11528607
8235102
11402198
3224371
10609310
10517359
15498388
10073286
8908222
10750376
10172558
9521575
9440077
12705382
6219694
5079512
10404300
11596494
10069703
6908766
13493855
2993100
2973874
5444697
9490894
4004980
9152754
6766501
3422139
6295013
3433598
2864635
3533645
3728105
4156800
3813202
3549604
4388696
4391574
3504227
4748937
4042030
10901976
11527876
12262443
17286307
14356794
6182639
4395088
6305985
5085966
5191330
4890998
6431395
4958706
5535484
4627674
5077822
5398222
4796952
4817629
4780649
7538577
8331686
4383139
10298787
9632477
3277325
10457936
3216668
4215243
8123443
9410688
9808187
6595045
10557977
11683999
6794727
113200299
154391406
14292402
9874215
7143896
13083075
10992256
7343472
20061970
6803260
12671407
11583668
16249840
13052432
12773459
10258384
16804678
11344030
18194412
19276899
19001052
16232065
14583219
12356593
9692047
10385649
8658441
8874726
9686622
9568540
13271667
8493343
8607236
12566356
13611254
11885731
16759148
2318645
8417719
19367211
2626892
22935539
20397869
17551167
9516955
4211700
2682181
7163337
6842719
5644235
5106629
5388597
4495404
4334334
3451470
7195134
4911032
6873978
9578623
8447947
6279239
5484904
9459271
5956894
10155520
10829528
11316167
5764307
10701587
4596458
7384456
9028914
3416559
4750686
9975591
5007729
6903593
10161167
5380760
8803217
16530866
3262082
9308995
473895
4643835
7395680
3701780
9811976
5915741
5437607
5915673
9971712
3599513
4192613
4703023
5351378
4370565
4357240
4993107
4118157
9398051
5990695
5408019
5204146
3838872
3845259
172255205
8266187
7657288
7843806
9428230
3627521
12812806
8304583
8274076
6410622
7308228
9235779
8009664
7309172
7092261
8457800
945338
10169721
9508296
11848876
11938735
11284635
1561835
9156152
10544821
12127875
8416379
12135149
9214669
7551226
11745426
11079072
9650695
8432358
10413486
5015533
12067545
8504441
9389474
11614066
8992408
14730999
11297489
14576902
10138186
15271765
8094358
8832057
17611292
8785035
10440153
11541476
8030622
11164270
12529786
14284172
9859038
14329137
10554934
17015544
10260268
13969689
10754535
9863247
11497460
3414515
4790529
2091674
8186387
1142703
1879158
6459647
1426805
2282582
4210893
2487622
3720067
3646782
6535238
9720822
18887445
9262983
6102176
8502329
8674285
8202406
5769821
7092766
3567280
6280350
2465246
9117293
12796293
9548533
10883919
14412539
8453479
11693708
230049225
11383057
9382099
7012585
172950810
15502067
13462411
27110426
7418993
4111785
8389710
13032423
11150532
9709632
8309448
11238301
7980305
6667944
9908150
7227989
9453621
8809965
50369788
8572599
7511271
5562246
148030468
9862834
11773363
2360645
13745473
9068347
3759605
7695505
3747078
8361559
9115349
2869075
9649862
7262249
7313386
2714565
2371087
9186140
8266359
8381204
6862848
11292498
9258523
14446001
22420030
4144621
36167960
6251487
7645381
9341250
6661087
8761332
8986048
11532464
7615141
9225329
11232578
6588007
8446880
6339321
7718586
12033059
8098155
12171412
3794636
3004105
2298252
11242056
2254677
8752064
10014583
8629072
7015737
9561111
10031323
7987489
5679313
12376060
9461836
8447268
9596643
7936289
8851625
7289503
3835078
9447201
14485727
10156719
8171407
7970802
8558758
7543117
9961011
11096659
7588048
7440717
8973541
9060309
11605680
9742627
3231378
9575888
7281322
7361771
6574990
13381405
12726266
7697160
13465000
7356515
7886330
7523745
9881008
8193484
12312545
6501850
12640608
14374098
7255208
7297002
12536128
11952068
7491365
8035755
7101620
8950036
7885241
14338130
15212315
14294888
11206169
12928169
11207214
7305562
11910072
9613390
10307223
11570481
9801472
11959194
8814048
9955072
7045027
8536110
10641568
6027847
5474559
4364896
4165815
5526300
3812125
3380055
3723839
5318865
4106802
3800122
6606194
3064520
4938678
5037920
5808461
3988890
2973842
4492732
4962341
7770606
4533929
5343244
10246157
4535444
8458458
7789706
8573374
6808582
6922461
10536770
14275423
9655908
2730336
14430056
15902341
16559595
15584680
13494899
12371629
13880485
15315088
13770738
14340203
13564887
13260823
10548269
3408757
16607919
12808663
12767915
10798273
12450267
11716757
13454424
10643648
7389823
10392859
10760662
12070984
12684342
13504561
13327758
14292200
12753074
13664213
16835487
12848155
12617225
15676691
11489781
18107125
172962073
13656792
15437357
12389403
14009172
15960062
11027114
13888047
15947530
13134665
14997722
10952916
15952750
15148174
21716406
13690546
9338546
14632002
15196241
19172083
16695664
15440747
14333153
14863961
11622390
4631156
3758427
6052307
5390558
5850684
6784823
8211110
7057531
4367974
3572828
3527898
1501834
2839336
6890372
7000105
5077535
3692965
4022146
8327125
4965670
5175691
7284275
7384595
10104504
10927856
8412843
12026094
11236150
15978944
19841930
18966310
3219703
8114001
8303136
43555892
4423419
25506326
5378470
10070864
10802154
9738978
7801730
9020083
13619743
4746470
6791315
11200783
9508045
8241638
7469458
11033683
11517432
10819447
10183121
10949029
9234331
12351256
11818362
10002343
11147594
8159125
11666854
11603103
18783055
12471614
2993694
6639403
8174512
10109669
8713681
8159889
7623865
8945646
8288406
8029265
8876701
7752392
7984373
8724155
7780598
8188124
9352122
9055375
9824410
8971782
8963420
7876753
8760728
9379306
9356358
8962439
9040798
8517299
10935200
9563244
8027245
10249755
9130653
10455591
8965558
7686612
10052264
7025589
11531233
12462464
10060243
13123914
7364608
7698540
9971712
9232485
9330688
8384512
8194048
9768960
7677952
8062976
9427068
3306913
16141385
15398663
9366135
9183693
9160492
9836958
9978017
7484059
10709662
10123468
4776935
9315969
8160530
5967494
7160559
7752390
5884107
10568599
9278357
12856945
7072168
6969348
8533548
15661226
11824984
8633247
11565431
11342875
12683749
11852181
11861577
14941377
11402217
9264105
17184084
13869386
22119239
18430585
18960393
17361010
13107906
19122312
8015071
6719479
9680263
8563171
6992997
7999413
8890985
10318153
8705157
8680085
8067559
6652008
7824779
4730501
9703244
6261192
7077384
6936492
6479480
6376151
4795416
5829966
6066352
5715452
5291949
4725857
6656182
9229124
5590376
4198657
5779796
5032489
7705196
3388033
12120230
8960446
10298964
8635486
9129736
12838118
10908148
5685742
11935281
10115060
13523520
8625852
11366635
13510764
13512851
12146130
13797074
9709422
10163951
8866196
12980997
15257850
8336429
9138910
12444982
13066682
10977931
9668670
12152399
12373936
7854745
10080366
11841021
9435665
11928812
10336381
12813827
14568201
10128436
13334184
16056141
12681128
12912047
4754743
16033287
10442371
7350516
12569775
13841448
8353632
14663771
18507950
10400569
21242328
13691912
7155642
5171546
8505718
5866898
5812743
12442210
12253491
4745894
3014962
14158339
8867678
6594761
7648188
4491692
4368889
3461213
5358840
1978357
3085831
8226780
4476629
4047766
1729728
3364844
2242973
3078965
3740725
2720050
10104609
8502297
6662228
6622538
7821039
9222241
5102211
12889946
3661359
2886658
4112943
4780099
2842125
4054094
5826373
6492177
5911622
5904104
5826996
3650347
2350620
28856239
29190327
31387950
44776207
27813294
36533827
3532074
9601465
9767467
10291546
12801338
9226672
5266779
11683202
13205256
10031611
11346091
10032956
11307033
15045228
10624701
10074350
11944266
10321356
4667579
9222885
11399621
9133728
10323486
12845462
16679747
3757936
9918908
11119516
4763871
3355781
9733930
5651513
7685926
16458910
8134194
7226188
7323337
7949241
9250167
6591910
6305619
8211506
11383835
6196927
7277373
6688054
8183281
9996118
8345139
8792362
8954329
8040063
7949133
8839380
9479912
8823698
9419303
6623147
7039033
7293984
7284580
7046351
8080774
9745321
10796485
8003452
11481931
9311648
10203993
7122607
9804911
7165470
10290765
15811996
12013780
7554214
10131969
11589533
6357103
8086679
11031746
11469555
13287680
8735056
11679582
10314939
8699530
8723561
10872923
11886475
10071480
8196936
10377645
8297246
8150961
9923114
5014693
7877844
9541250
8803558
8840133
9640519
8143187
10149394
8176619
9169287
12483696
6159964
9811902
7903915
3671428
4767342
13208314
12972667
4450769
7656431
640103
4888418
1756077
14285465
9254287
11230187
10999277
18016845
13512240
10775649
15720110
12833057
10951211
9587600
160550
13877973
17142262
10954338
14573857
11346171
10999277
13566575
10844612
14171571
18149497
10842542
13904081
4899166
6310163
13028621
8698720
7582765
7582773
19222957
4542127
8292568
7364440
4407596
21732996
14792784
16998575
27130913
27955357
2861026
6015657
5584703
7854286
5101999
5748405
6545225
10855441
5305786
7794381
6835443
10728682
12243068
8164299
2715780
10464271
6264826
7185381
5474883
4645234
4729871
4729871
4729871
7050589
5020355
5625351
5104992
5775816
5501817
3330914
3931041
4543003
4732897
5077126
5186502
5373146
5429804
6096870
3186162
7223824
4176571
10892289
93093381
140814332
4849935
5781678
6008623
9784836
9611165
12438352
12636450
15802191
12992461
16662936
9784244
3329449
5994995
4358676
3022247
5347147
6825675
4630344
5756743
3752642
6054568
3560365
5065021
3236448
8755582
6737883
6316987
9609498
4852435
16975308
21804845
18820061
22130607
21684794
40927807
17423204
11390445
12193830
14776590
4195718
6678392
6609495
11810741
7012438
21866357
11558269
7573581
6795918
5255693
7524488
7891392
7740795
6138493
4614118
5349113
6783574
6925128
4624614
8832100
7559394
10646080
4839377
7072784
5572504
7624671
8742304
6619852
6415228
8157664
5431780
6971680
6653260
7988536
2152576
2424016
1531396
2366596
2820736
2060704
12878632
10261324
8338276
4422232
5480848
3995236
9605692
12906820
11834632
4368988
3962872
2410444
3691432
3765556
3114100
10502247
6944353
7934837
4263180
5144919
10284143
4041987
3683124
16370684
6932169
1156382
10641599
10589819
5449487
5170155
7479558
6487853
9880137
10021601
9172885
14850768
6365887
6567062
7882862
7047759
6298819
6752066
11220298
10627312
8087785
6656443
2638016
6383843
4360001
10136654
7781374
12850363
16625991
3278242
3677013
2037543
6438015
6182631
6182630
6142916
5582858
24060846
7202993
8406687
6386908
12047125
9709684
8806896
8266674
5292415
5179502
5622564
12194789
5782407
6218417
16539944
12250644
6998993
22321350
19860632
26507201
14852409
17504360
19280704
11500404
10334040
5130577
10142999
6537519
3855412
9616999
2125038
13542695
16191677
11896955
24838219
7263045
7159808
6268928
7972864
4731807
7088128
7307264
7184384
10862592
6000640
7419904
13172736
8857600
7737344
11456622
9825582
12010542
13704942
9486702
15652782
8257902
14406702
11336622
12532813
12788522
3140230
11700773
7892387
9430203
11754075
7504259
10911675
8329738
8401867
10841667
11514581
8611863
11174994
8118660
10210548
9942026
6487582
6694462
10665083
12388108
11497868
8128068
12187527
14511339
8411238
10923167
9361048
13837391
10508347
7786394
9281638
8201215
8233608
8415406
12883456
6447522
10719607
3942733
12837097
4353878
4747849
6222850
4326853
6798992
7266259
6984552
4244071
7041631
6329476
7766576
4841971
9939732
4752816
12725349
10716434
16485216
16337890
7629102
16260035
16500386
8983378
13414776
14061582
14201601
5608204
11769164
10454560
10469586
8881439
8913355
5568639
15927042
8039742
5917657
7717778
5835750
5610814
9739684
10023846
7261605
6412897
5347445
7976109
2836599
8471977
9107717
4723766
7888990
5071714
5008784
7091214
4627680
172202847
8060304
9125093
3226285
6686433
5730157
5661528
5151490
4109965
8817998
9071868
13777586
9459460
3856595
11307033
5785896
4717489
3717691
6670399
4879738
8956061
42187512
31867055
14378606
10854147
10852067
17390013
19561309
17101654
43117497
14759978
28618736
12130252
18785203
10336165
17079966
20480062
11671576
11423941
14645360
12273426
12250441
9740572
11227470
19828011
25947994
14475961
12445752
11047659
23580197
13589904
9672591
13820830
13880351
11431117
19193663
6591181
24005428
46236678
9817760
12060115
8701803
8888854
17051587
15251241
24581135
14074672
9841791
9980767
9645353
10594124
13570008
12379871
13397585
28836988
15575238
6124117
6219397
6007385
5665573
4929588
8674092
4218164
9702884
8290521
10942133
8604458
3645798
19562546
2465688
9871064
10306695
8662937
8922067
9395418
9265845
14368080
7709985
11036941
13474695
10419416
8123764
7962281
8012555
5013615
1820607
2746607
3760998
2735317
1956650
1868258
4721464
2611189
2968547
3220578
4737145
1675164
2739710
2524662
2176714
1159818
6179096
4243732
5633513
8658395
5970562
3311293
3547133
9029843
10884419
2744862
3166403
3033003
2272912
3801925
6608802
4778629
4977909
2967595
3642379
5631151
2889008
2488013
1700721
2820174
4243095
5120698
1965157
2922513
2422967
2327392
1907983
2582804
9083297
8645073
15512246
9302769
9476310
3745060
3425768
4259323
3940112
3819220
4211205
3911391
3151045
4609999
3276569
3425348
2820890
8644963
13666941
6374171
16181407
10530327
9204390
8792678
9005845
9060176
7198182
7711201
7354905
8286946
9648482
8252477
11158421
8353913
8489756
9056088
7841911
5901530
7464705
9298503
8180448
8254644
8046701
10268171
8987121
8079106
5135617
8788600
9974540
9973512
5799161
7592174
8784404
10919128
4418589
4952935
4431418
4516486
5249194
4887347
5791965
5196394
4991750
5189521
4954808
4269972
6092248
14520971
16821812
5138755
4507211
8614142
8342436
12902394
9396539
9549346
10095239
6736416
6850996
2304831
4844150
8780955
24137133
13736448
5461265
18609200
10278044
14573620
8771301
14142077
11558044
11435791
18814861
20573392
13278991
12512593
11263313
10002192
5799612
8460964
5549393
42424243
37278174
25595134
19836764
31427823
26021585
20474221
17787793
27250419
30356854
15227771
28820846
26388338
22290094
26521903
16128319
23652661
22498029
25497887
19378998
29802888
25196028
15915229
30768455
15877636
26432133
27105011
9344884
10055467
11693815
17210905
29542793
12112778
23357950
14222403
24892967
21417590
16228645
31631470
34525855
9568449
9508884
9919545
27355699
13711408
36001199
37888309
17176378
24891812
13779398
16999774
15770950
11602836
10925736
12214131
12877579
13846235
14194180
11693757
7828679
8236196
9305078
9085640
4780043
3854064
5735027
12841748
2749045
5240257
6773386
2697041
3201848
4126858
1850538
3275502
2111658
2503332
2732044
4139107
2672418
1447008
3262427
3099888
2721353
2867095
996895
2361231
3436550
3344705
4883543
2606092
3488330
1812507
7137002
5537495
3636453
10223716
8244386
7157280
3828660
7513302
4731870
8299933
3322261
6044133
4983070
3152869
4341810
4147212
10032064
7893562
9743184
9374334
7711900
9461053
13939492
10306379
10127752
9958425
11886263
11954179
12809953
9798558
14037712
11172597
11756694
14837065
4404969
10471248
12192804
7061544
13356864
8417700
11223972
12189672
11765808
10753128
8225604
8784144
7329852
9217404
8514567
13856700
11480991
6862864
5209010
3729663
5643315
7485448
8440194
5933033
4504917
5224143
7194698
6008193
5338979
9008756
6862850
6275926
5140364
7107905
8101611
6452758
9714943
6353493
10834015
7548860
12559143
8698247
10529948
11831224
3475148
2300898
4436664
3294994
3410996
2985904
2274969
4665471
5128779
6459146
2734507
2921986
3400324
6158217
5051053
4253579
1789086
6362599
2217907
3841701
5308726
5124665
10961016
7878957
5142926
13062247
25295929
38843298
9062373
11348635
9869117
8548395
9552508
7981985
9416433
11930891
12144739
13914999
