Time
251
234
108
75
231
136
190
119
99
293
179
127
190
256
332
214
350
261
257
217
200
194
188
158
189
245
148
170
182
151
180
257
205
196
147
260
272
530
438
255
203
302
244
178
245
247
229
184
250
176
295
199
214
209
117
255
320
360
398
435
393
358
233
368
316
462
320
282
271
261
258
117
83
66
100
92
91
114
85
40
67
155
75
110
185
42
98
329
212
111
72
151
108
161
249
156
202
305
315
266
206
264
418
267
256
181
420
262
285
337
345
377
405
279
318
363
448
269
348
324
205
398
310
208
315
255
279
236
171
191
253
267
285
230
200
268
301
174
325
87
149
132
221
94
151
193
190
86
101
276
303
328
272
271
134
169
149
186
138
195
180
164
160
177
169
171
210
196
213
165
188
229
222
202
192
115
121
193
254
208
242
77
1009
208
224
217
242
217
235
230
227
187
251
270
229
194
258
343
347
242
232
333
357
149
146
263
360
264
295
315
297
419
320
320
352
291
214
453
313
307
623
106
180
129
223
78
87
249
309
258
285
325
214
452
296
348
371
370
282
369
275
213
243
235
225
166
187
239
241
226
284
256
205
318
412
286
181
235
193
395
304
266
314
235
233
232
273
338
247
261
217
211
206
237
227
239
218
153
200
215
259
217
244
296
150
427
341
383
177
147
260
182
207
207
170
467
185
165
243
146
66
72
118
91
96
141
26
141
121
173
154
116
141
145
128
131
151
162
150
164
142
179
186
125
156
129
133
169
149
125
163
164
147
151
139
157
148
126
157
284
754
759
224
233
356
329
279
256
259
219
246
286
332
173
314
301
248
321
274
759
385
938
265
557
205
222
155
65
298
212
234
238
166
245
145
238
355
199
238
279
201
182
205
272
296
112
238
158
306
291
354
348
296
287
287
231
220
364
153
156
156
287
314
213
304
282
220
214
257
223
198
317
395
221
319
184
267
173
227
257
203
296
307
259
237
258
184
189
336
276
143
296
236
262
261
216
226
235
290
130
277
336
224
182
12080
5245
262
232
336
188
221
165
298
250
93
316
219
201
238
322
329
185
116
220
401
340
46
322
241
324
279
318
248
218
287
393
78
230
237
326
224
259
270
291
288
284
405
409
304
244
374
307
248
264
296
278
261
31
96
190
291
250
174
201
295
258
240
320
320
305
292
254
179
360
281
319
201
330
308
255
221
187
292
1045
534
725
608
428
89
254
175
389
231
133
204
238
254
555
544
201
1127
472
273
552
327
180
333
326
248
429
270
209
259
167
265
202
188
159
238
275
244
477
1402
210
365
197
120
200
181
640
86
83
165
100
239
239
309
1835
597
318
497
97
171
84
203
196
70
103
82
192
192
122
223
104
103
63
82
170
129
250
3524
155
217
339
409
310
322
315
314
315
377
337
267
351
160
296
46
238
234
293
177
359
127
376
280
179
320
320
100
299
332
306
326
540
542
405
383
237
198
464
241
200
175
250
196
228
147
206
219
197
208
170
161
333
189
276
218
268
231
221
211
229
226
229
222
140
197
264
209
264
307
319
268
313
124
268
197
133
144
245
230
300
226
109
247
214
215
222
226
51
194
237
263
305
359
409
431
479
446
437
439
328
446
524
135
198
289
309
207
223
161
258
219
289
236
53
266
226
287
191
296
339
236
353
250
255
234
233
274
209
188
213
238
239
250
298
260
225
200
7176
3827
281
291
3503
269
291
294
220
366
370
222
306
343
290
441
215
287
242
243
398
436
308
365
519
545
446
391
400
495
307
717
340
381
351
365
340
313
462
435
225
320
320
256
439
186
236
518
287
326
290
270
406
248
186
192
288
210
229
601
461
465
739
285
71
816
332
59
145
122
151
125
161
138
106
109
269
132
115
137
229
109
215
133
102
364
84
171
159
71
164
275
242
165
185
179
210
179
128
47
155
246
161
68
40
164
148
363
276
186
133
154
337
113
86
185
273
135
150
127
302
241
196
70
115
161
188
333
344
89
443
291
171
244
136
141
149
78
125
81
164
110
186
123
159
376
163
335
271
386
256
229
276
342
376
299
263
239
175
395
343
453
427
286
316
472
345
277
439
267
257
428
370
423
554
101
611
182
548
334
568
576
388
514
706
441
368
751
582
610
240
188
367
410
404
536
301
586
569
508
1288
563
853
700
624
225
271
198
255
274
347
361
334
75
95
81
133
70
98
286
169
53
39
47
170
490
675
545
814
576
63
645
660
509
703
511
126
51
43
104
182
811
526
50
41
134
62
144
41
140
43
119
88
34
40
71
186
37
350
74
189
64
91
113
100
49
53
175
325
244
302
162
179
130
110
160
72
140
173
333
333
348
148
230
108
237
183
178
419
319
93
58
85
64
61
595
499
127
237
496
343
274
436
270
235
238
296
389
322
339
346
864
582
536
909
204
850
338
287
243
236
165
214
248
400
175
160
202
192
313
238
439
318
110
215
247
206
370
613
395
398
549
664
618
371
274
314
303
163
355
182
272
393
103
522
5
20
240
620
417
105
347
485
22
125
140
147
173
77
290
72
367
221
301
326
141
164
144
287
388
133
95
195
106
74
147
105
177
125
240
267
250
293
234
149
201
235
237
411
426
241
222
249
378
287
297
328
294
311
274
288
285
332
265
238
301
250
396
198
378
407
231
334
336
350
361
357
799
390
225
205
257
198
210
163
255
288
119
206
167
195
201
299
246
317
174
323
170
239
261
263
245
293
210
228
342
330
259
424
245
254
196
193
202
189
192
192
109
141
79
117
143
235
241
238
279
194
202
243
88
189
303
200
191
326
126
184
94
160
287
285
81
231
181
209
135
194
124
351
141
162
280
171
194
158
241
313
241
161
150
245
599
387
329
290
421
342
431
295
370
211
622
397
341
598
321
207
298
224
211
104
237
201
231
228
345
207
240
600
164
28
326
329
297
244
429
447
173
362
453
121
413
274
315
51
319
263
287
320
320
290
248
19
287
284
416
284
197
262
148
96
95
157
122
93
137
205
162
251
101
156
104
82
162
251
134
279
120
202
307
339
212
272
262
215
320
396
197
151
145
149
185
174
298
132
244
148
194
126
165
143
152
154
145
211
210
319
343
274
365
335
313
370
292
212
89
121
150
216
368
157
130
406
446
328
325
293
267
257
197
272
191
182
195
210
226
252
185
238
250
234
241
204
227
197
280
201
188
199
221
252
185
186
225
212
451
191
220
186
269
305
314
308
373
151
395
270
195
315
322
468
367
418
569
637
447
401
337
280
318
425
446
230
588
200
397
442
278
7194
211
223
176
246
275
371
531
283
333
378
116
393
312
112
120
175
242
354
221
220
320
320
225
261
299
234
226
304
206
243
233
243
272
255
238
278
237
367
235
234
189
267
292
402
484
218
568
289
105
356
506
241
210
231
131
218
219
4260
4794
4281
4634
103
245
220
245
240
187
224
233
175
253
219
290
216
226
215
246
202
237
224
238
267
169
285
168
286
247
321
244
253
281
191
311
191
344
204
335
279
291
307
351
159
155
325
343
192
196
206
348
358
319
351
393
385
369
393
365
330
344
348
299
405
360
259
132
181
123
230
175
261
149
243
245
247
87
221
50
210
299
345
30
236
132
225
341
58
112
258
364
221
140
303
176
151
144
219
196
182
319
286
735
259
301
268
464
207
333
236
273
266
368
220
332
187
257
201
289
194
213
305
289
350
219
267
269
314
267
323
394
301
119
235
335
215
176
233
224
251
205
220
205
225
257
281
179
285
310
277
194
310
497
179
364
277
190
333
147
285
274
192
192
238
298
34
269
212
207
361
151
195
272
138
229
202
191
218
241
261
273
241
216
268
250
277
278
216
220
288
343
172
311
197
335
225
334
178
298
305
379
260
369
139
330
253
404
297
327
290
265
172
162
75
101
67
111
142
145
317
129
135
157
173
233
85
76
165
226
100
188
203
302
226
235
358
358
186
156
166
202
174
199
166
177
139
206
155
147
140
228
180
199
172
184
190
310
214
275
369
4319
183
257
264
287
233
469
196
199
519
154
264
263
230
196
437
427
300
458
400
391
430
589
324
440
375
636
360
433
317
577
521
417
529
629
589
871
1292
297
322
337
219
204
161
165
187
185
156
170
156
187
183
210
156
236
392
286
237
136
224
175
216
246
196
249
188
229
257
195
402
192
219
228
274
286
219
174
261
183
216
276
207
266
279
259
234
166
265
289
225
304
96
209
292
252
232
185
214
124
218
223
249
255
176
193
280
168
279
172
209
313
199
270
291
225
312
231
173
167
384
393
264
233
385
289
178
202
218
317
276
220
331
150
91
200
148
142
105
181
44
242
242
218
181
115
187
134
55
148
164
7171
189
135
164
250
298
153
228
163
223
174
199
158
170
176
184
162
159
157
152
237
195
160
184
148
133
138
212
158
178
163
131
149
117
194
220
160
185
142
190
190
167
163
186
158
179
177
168
151
231
207
175
184
157
235
126
197
152
161
175
154
144
188
146
194
211
163
175
180
238
190
143
141
205
253
231
155
158
123
214
180
204
264
178
207
170
203
202
172
241
165
179
185
192
196
164
182
215
185
195
196
152
196
179
185
152
155
199
207
222
215
141
216
125
167
169
182
204
243
161
183
242
242
211
197
211
215
217
168
200
188
198
234
237
190
196
263
320
320
309
358
311
338
2230
4550
3275
320
320
147
193
164
283
225
140
261
152
242
211
217
621
171
231
218
241
160
587
133
305
576
267
314
299
163
188
261
249
259
183
212
197
34
217
273
16
196
264
35
82
350
55
284
210
205
339
389
322
382
362
309
333
397
383
347
387
310
284
186
237
254
221
192
201
252
260
203
243
285
178
205
206
211
325
167
181
207
249
216
63
190
225
272
223
221
230
293
161
210
128
244
196
120
268
218
220
145
218
160
192
238
340
272
96
280
285
249
207
216
211
215
229
282
188
209
268
183
236
206
353
357
346
323
313
357
305
326
173
173
173
161
166
191
303
302
245
334
260
226
274
271
300
206
298
252
259
318
218
202
221
285
260
182
236
274
212
141
817
428
649
252
276
154
318
218
253
205
342
220
266
211
243
315
192
295
241
204
305
289
72
115
143
223
223
464
143
294
148
304
570
205
275
234
171
247
168
180
231
199
197
150
165
223
235
329
309
278
197
303
228
353
144
99
84
129
263
212
166
208
235
178
209
199
235
233
134
228
200
182
197
237
136
291
37
220
251
280
186
222
172
229
278
272
288
284
263
268
282
941
381
435
318
329
319
387
326
385
452
340
274
392
385
202
202
457
454
236
487
463
322
392
219
203
218
286
244
218
103
253
125
298
262
251
168
193
225
221
231
184
237
231
561
216
227
225
204
224
221
262
280
348
369
358
147
249
176
193
191
205
148
123
194
148
152
133
125
260
160
255
249
94
286
200
236
303
105
197
253
231
245
188
203
322
194
330
219
281
264
395
349
280
300
300
185
566
340
343
331
329
208
128
221
234
234
182
296
249
265
258
344
276
219
287
229
220
183
276
292
162
179
280
113
234
96
214
260
306
194
316
185
7167
597
280
191
185
298
236
216
209
266
208
225
244
213
222
258
244
213
264
217
246
242
214
191
209
229
214
228
202
203
210
216
216
151
179
304
136
1756
135
223
160
116
229
297
140
289
209
92
101
112
182
115
116
129
285
96
100
160
81
271
71
156
132
90
144
236
158
131
252
277
199
138
141
115
178
59
103
118
72
186
150
178
91
267
267
104
95
305
711
249
320
320
69
284
411
194
190
107
94
253
142
146
98
136
171
131
147
98
111
212
190
278
212
274
219
222
275
305
288
236
298
255
210
232
428
195
217
235
340
276
253
276
255
259
128
293
228
200
245
279
158
376
181
250
178
276
290
368
304
163
180
124
202
181
227
251
324
241
360
186
288
224
235
295
242
216
262
200
176
243
236
298
265
220
269
243
671
280
305
181
197
185
258
319
295
201
41
203
237
208
33
272
103
271
245
199
267
31
233
448
24
305
198
78
362
238
230
379
265
213
240
272
280
276
192
240
260
167
361
194
185
145
215
187
275
287
46
197
255
235
74
277
268
230
652
277
257
138
250
324
186
315
284
213
307
253
316
330
186
223
306
185
154
201
159
203
190
216
201
208
529
260
219
332
199
160
215
217
198
204
235
193
413
220
184
378
209
209
209
206
264
203
172
235
268
191
201
198
238
399
221
953
282
224
259
248
289
216
228
221
188
187
281
414
219
176
208
351
325
267
211
182
203
230
133
211
258
196
165
161
235
234
157
204
210
215
138
270
303
265
233
340
262
364
388
339
329
309
261
298
234
438
331
620
271
867
481
452
302
100
158
134
134
210
155
170
191
206
206
121
154
308
220
195
219
239
192
218
24
173
235
179
194
233
236
96
379
214
254
303
300
296
239
224
272
271
223
214
251
216
172
211
228
241
230
201
242
267
232
291
209
217
199
225
298
208
280
225
220
220
198
285
282
247
222
214
243
240
331
260
287
252
248
199
225
224
228
244
269
254
224
398
248
204
185
206
208
199
272
231
221
260
232
206
261
214
288
249
319
207
215
255
208
196
242
220
229
223
156
215
240
364
7200
180
187
251
265
229
316
487
235
184
289
482
222
296
473
342
299
214
561
666
562
395
370
280
323
355
251
361
336
291
306
252
414
213
230
280
223
210
168
208
298
694
680
1140
311
237
309
629
236
421
470
235
192
335
424
600
533
630
388
199
244
201
196
199
196
182
205
270
221
225
246
227
249
150
183
149
310
408
367
285
475
500
427
366
431
460
523
534
373
439
619
451
342
453
539
309
224
136
171
330
351
321
269
337
184
249
281
280
457
1008
206
477
297
310
272
218
233
268
223
304
275
357
729
148
241
266
257
204
255
204
236
241
238
237
261
220
244
280
274
285
207
306
340
278
255
248
332
150
162
119
302
140
293
117
225
130
286
641
257
53
251
249
238
186
283
234
199
228
241
367
876
249
354
425
350
1062
218
270
116
117
131
67
150
234
82
171
95
52
182
156
90
145
82
111
115
117
52
130
137
239
255
140
293
161
380
216
112
89
96
112
240
279
152
114
116
229
171
93
136
198
143
236
232
257
201
260
288
202
222
235
220
219
263
227
235
349
147
263
239
266
572
191
377
305
257
282
251
392
266
369
312
299
288
298
364
281
216
427
259
103
146
255
227
126
153
270
266
357
630
398
162
222
203
49
85
253
186
189
155
173
176
221
256
102
219
327
222
328
225
261
252
228
229
302
238
163
286
219
240
222
228
253
169
424
251
251
254
187
188
211
245
152
246
232
187
200
277
195
274
197
263
261
385
250
220
267
252
236
234
315
153
314
403
479
250
211
335
186
185
226
237
250
284
209
212
310
209
174
216
228
255
233
217
269
269
214
291
247
272
287
306
431
356
151
179
259
208
213
200
264
203
227
189
208
221
196
197
195
310
343
273
206
239
204
251
200
262
199
232
242
161
260
289
166
2826
3856
336
246
178
326
274
183
501
169
316
289
404
324
317
254
418
281
453
480
473
404
362
307
240
258
215
220
241
238
330
211
214
313
339
295
417
56
208
482
63
571
817
436
236
259
166
215
283
239
218
226
187
182
152
306
281
279
394
346
238
220
442
230
252
269
275
178
430
175
292
360
126
182
400
193
272
407
208
351
673
203
231
16
281
454
216
456
335
253
367
412
226
251
289
323
258
266
259
229
425
335
277
308
213
241
7169
155
237
236
284
108
317
249
248
195
219
277
239
219
213
253
22
252
236
294
297
280
37
227
262
301
209
302
229
187
292
275
239
209
258
123
300
211
233
288
223
366
281
363
252
380
201
219
439
218
260
287
199
278
302
346
236
347
253
415
246
338
258
236
277
110
154
65
266
34
59
206
44
72
133
77
117
118
209
314
620
228
149
209
269
204
264
176
148
194
60
333
316
235
268
356
207
288
7177
281
231
154
7199
384
333
831
184
256
208
302
255
219
184
257
175
143
224
157
212
196
1235
193
215
172
7174
245
293
57
342
225
92
191
92
207
226
70
239
180
181
66
57
228
205
208
168
261
230
339
227
258
902
154
189
232
165
217
223
286
188
229
279
163
209
157
191
299
392
302
156
181
140
279
251
217
242
207
167
230
242
191
133
301
228
202
231
190
213
174
87
227
353
245
196
191
212
187
247
276
188
184
223
225
288
242
197
238
180
182
163
333
317
191
335
182
196
186
245
203
306
161
314
358
180
181
312
297
186
199
176
222
196
857
372
349
272
315
272
175
296
239
256
287
243
297
219
247
174
212
264
298
271
215
205
273
188
166
183
263
202
187
327
150
215
227
246
188
124
222
243
318
251
232
446
112
210
193
213
169
172
262
355
241
54
347
383
400
375
323
295
333
369
330
344
325
317
249
69
399
304
303
253
295
276
320
320
249
168
243
252
285
300
321
327
351
313
336
415
315
310
386
281
447
7200
337
375
298
344
270
147
219
270
200
246
145
270
250
414
214
105
237
251
351
289
257
230
243
287
272
92
130
336
144
168
203
174
107
87
86
36
69
170
173
125
90
99
206
122
127
180
183
251
271
207
297
277
396
492
470
77
199
204
1085
107
634
131
250
219
241
193
223
338
116
167
278
235
204
184
249
261
243
227
247
204
282
268
223
252
177
265
263
466
310
186
205
199
247
212
199
185
218
202
195
216
188
194
213
189
199
228
218
240
219
219
191
213
229
232
222
224
211
272
237
199
255
227
260
222
190
250
277
274
308
248
327
227
238
310
286
289
260
254
303
238
250
234
205
391
384
371
363
362
390
396
292
427
402
180
369
321
229
279
304
226
421
367
516
275
271
336
633
473
340
462
453
315
287
288
364
276
223
421
338
532
443
454
414
308
460
196
163
239
211
170
195
217
253
213
212
309
224
290
191
191
351
217
283
272
273
214
194
206
216
237
220
196
276
384
232
174
240
209
320
211
295
216
249
207
220
313
264
134
290
244
330
207
282
336
336
302
343
241
252
220
323
379
206
227
309
325
272
240
302
307
194
250
294
234
296
256
318
362
251
331
399
315
321
277
399
215
138
269
300
163
321
417
214
485
297
288
213
353
239
235
534
515
180
109
567
376
262
319
179
164
120
165
58
93
253
133
122
53
102
66
90
109
78
306
209
163
162
192
227
124
321
208
118
169
197
116
167
241
268
244
244
241
150
96
695
704
758
1093
668
887
144
238
242
255
318
228
129
290
328
248
281
250
284
383
267
264
299
261
117
230
285
228
259
324
416
188
403
421
168
177
220
118
169
388
180
157
159
175
208
141
134
182
261
131
158
144
181
226
185
196
200
177
175
197
213
197
212
142
152
159
159
153
178
220
246
176
263
209
231
154
222
156
234
372
277
165
230
266
250
202
273
284
329
215
289
255
215
215
269
294
249
202
257
205
201
245
280
191
232
214
215
235
197
247
198
223
306
148
239
191
224
147
324
303
208
237
69
151
43
356
230
279
274
449
337
268
392
320
320
272
238
32
346
427
273
363
282
274
338
270
353
452
270
346
151
156
324
214
186
186
477
110
186
182
155
539
366
421
674
695
167
249
231
325
210
237
271
450
219
323
283
267
304
199
166
256
151
174
132
111
113
113
113
171
120
135
122
139
210
115
134
156
163
169
176
206
205
225
115
231
158
251
3866
3513
293
351
365
292
301
395
381
393
323
413
231
80
147
106
73
131
168
113
141
91
149
86
124
78
216
166
189
290
146
423
544
469
552
540
1022
434
345
366
455
127
204
200
359
221
661
352
237
205
206
267
283
322
238
206
223
243
241
206
350
289
262
198
219
138
189
218
165
160
203
135
174
166
199
53
60
37
58
70
51
321
256
208
110
136
99
239
322
295
108
98
59
91
93
77
259
170
196
252
181
256
251
230
388
152
51
331
329
135
219
217
187
287
287
270
443
187
187
233
207
182
197
329
317
181
234
160
262
267
252
193
317
414
100
112
61
198
151
151
150
136
599
178
208
158
299
241
218
205
161
126
137
301
141
117
375
268
137
520
458
625
333
400
444
249
257
158
252
231
95
299
258
329
396
287
613
178
258
236
279
169
252
280
260
391
217
272
478
313
274
284
243
298
340
234
389
204
357
281
292
318
193
291
176
234
292
182
267
202
204
265
282
209
274
197
249
243
156
162
261
304
282
197
299
357
204
267
228
340
257
189
226
199
200
205
316
159
266
213
307
358
175
212
148
259
251
274
169
244
224
265
158
341
149
487
263
410
406
184
400
406
218
329
345
349
173
473
419
419
353
354
215
647
326
238
313
235
225
397
408
294
259
214
323
110
344
370
293
196
503
200
307
189
7167
198
226
201
417
142
221
181
165
354
349
340
235
240
351
241
195
220
237
304
321
931
673
236
148
148
311
365
304
954
245
603
191
357
146
315
400
179
173
254
194
194
131
168
383
536
237
186
151
465
215
117
221
222
161
355
40
475
1031
133
189
105
109
313
268
502
239
133
137
128
152
226
197
222
608
338
250
264
266
258
200
339
260
239
186
270
201
126
636
149
245
256
216
222
234
231
358
192
275
336
260
202
247
179
198
65
103
146
103
70
67
186
98
113
123
186
59
103
94
80
37
246
166
199
238
184
201
221
220
270
167
193
185
138
232
405
292
305
181
222
345
176
151
102
172
259
314
119
178
147
141
115
157
225
268
386
229
228
226
207
259
239
231
255
237
189
280
197
206
169
214
411
158
402
262
214
204
209
210
164
177
168
191
225
190
271
201
205
219
189
140
179
225
197
199
194
249
217
194
121
212
242
242
137
182
212
265
177
194
184
169
195
196
232
218
195
219
206
193
191
362
419
125
278
214
205
319
227
296
313
293
163
141
149
209
599
410
160
564
192
299
154
288
224
221
405
449
267
247
216
185
80
146
73
995
867
575
431
720
585
447
379
616
694
315
655
594
492
598
338
526
497
572
419
680
565
333
704
332
595
612
168
186
227
365
673
238
519
290
557
470
340
725
798
174
172
183
619
277
835
882
364
557
279
360
329
225
208
240
257
281
290
227
130
141
167
162
109
240
357
317
171
148
493
159
199
170
112
201
128
128
153
167
254
163
87
200
190
166
175
59
144
211
205
301
159
214
110
295
230
147
335
275
239
129
246
157
272
114
204
121
193
152
145
249
245
234
225
184
227
339
248
244
240
288
290
311
236
342
270
285
362
136
261
304
176
333
210
280
304
294
268
205
219
182
230
212
346
286
168
253
179
274
367
415
289
217
254
352
293
259
369
168
155
127
177
202
160
242
158
270
188
313
216
262
294
214
94
183
136
140
123
93
193
212
267
112
120
140
255
209
175
73
263
91
158
219
215
269
279
125
323
631
2424
223
282
245
212
237
247
292
371
301
346
